============================================================================================================================================
CODIGO PACIENTE       SEXO PACIENTE       EDAD PACIENTE        MONTO LIMITE
--------------------------------------------------------------------------------------------------------------------------------------------
   691129990                F                  33                 3757.55
   198356734                M                  49                    0.00
   240683060                M                  66                10179.31
   415953806                F                  76                 8764.83
   469844163                F                  47                 2515.51
   119285124                F                  16                 3282.04
   808115508                F                  09                 4229.65
   166202794                M                  68                 3764.10
   770827913                M                  66                 1149.62
   195519264                F                  47                 9057.34
   236996309                F                  60                10476.86
   867068022                M                  34                 4625.24
   251729605                F                  35                 7340.51
   481990791                F                  15                10909.90
   712254902                M                  06                 9194.46
   111194529                M                  11                 5380.34
   521841782                F                  32                12814.68
   635962790                F                  06                 2290.06
   112443497                F                  09                 5577.85
   706094564                M                  26                 4403.33
   278496531                F                  74                10933.38
   852355869                F                  15                 9567.47
   131716388                M                  60                 3239.83
   462373053                M                  41                 6683.14
   374261067                M                  12                 9532.47
   888461367                F                  14                14546.31
   378025523                M                  23                11956.52
   201902001                M                  30                 9084.00
   728312493                F                  70                 8380.50
   280604794                M                  22                11649.51
   698471909                M                  47                 2533.41
   808752972                M                  06                 6472.22
   669742146                F                  58                 7456.61
   274808104                M                  44                10775.62
   782344167                F                  36                 3564.25
   506942779                F                  74                 9477.97
   814600292                M                  16                 9953.50
   535116522                F                  16                 7247.68
   636295268                F                  19                 6061.42
   520322321                F                  35                 2770.35
   799442163                F                  07                 2921.97
   260547458                F                  29                 4480.24
   278016800                M                  66                 6796.26
   890839216                F                  59                 3264.12
   200223513                M                  32                 7068.25
   662216522                M                  69                11672.80
   834502690                M                  31                 9413.15
   229852969                F                  17                 6705.10
   459361115                F                  38                 3708.19
   344367156                F                  44                 2245.59
   469306816                M                  34                 9003.56
   113606899                M                  58                10848.86
   145395406                M                  69                11109.46
   502543350                F                  42                 3529.01
   551809262                F                  08                 6901.66
   659676667                F                  72                 2653.89
   646672143                M                  25                 6182.47
============================================================================================================================================
CODIGO ESPECIALIDAD  COSTO ESPECIALIDAD
--------------------------------------------------------------------------------------------------------------------------------------------
       576                 268.65
       454                 496.06
       207                 840.51
       453                 313.89
       716                 219.83
       985                 405.44
       368                 836.42
       762                 210.28
       996                 754.74
       369                 521.09
       805                 506.50
       670                 633.29
