6/04/2023   635-96-2790   86   120   62   39.2   98
23/04/2023   610-55-3526   83   107   104   36.9   92
19/04/2023   304-72-3326   139   172   108   39.8   88
9/04/2023   110-77-9670   106   91   90   35.7   96
8/04/2023   218-42-0736   124   121   83   36   99
20/04/2023   828-49-0441   52   132   65   39.5   90
14/04/2023   218-42-0736   81   143   96   36.9   98
29/04/2023   194-48-7359   100   105   85   37.8   89
12/04/2023   195-51-9264   89   116   62   37.9   91
12/04/2023   660-86-2261   121   122   94   35.6   85
13/04/2023   496-69-3161   76   152   99   36.7   86
8/04/2023   400-48-7366   86   161   66   36   88
22/04/2023   285-41-0221   119   165   77   35.6   85
21/04/2023   145-05-0045   119   111   108   38.4   99
4/04/2023   892-25-8683   52   138   85   35.7   95
14/04/2023   374-26-1067   72   169   84   37.6   92
12/04/2023   278-01-6800   129   109   89   38.2   98
16/04/2023   316-34-3057   58   113   82   37.5   88
18/04/2023   781-40-0701   111   113   73   36.6   92
8/04/2023   514-75-2742   107   127   69   38.4   94
4/04/2023   795-38-6179   51   106   96   39   94
18/04/2023   421-39-9248   90   100   91   35.8   87
7/04/2023   715-12-7760   103   106   90   38.8   89
22/04/2023   251-72-9605   108   113   103   39.4   88
28/04/2023   117-02-4931   51   175   82   35.6   94
25/04/2023   794-74-3955   121   173   60   36.4   91
14/04/2023   705-01-2168   69   171   73   36.9   90
30/04/2023   206-25-4281   85   173   88   39.3   85
11/04/2023   112-44-3497   96   156   87   38.5   85
27/04/2023   310-26-9113   136   132   107   39.3   94
20/04/2023   452-96-1280   68   134   87   38.9   98
1/04/2023   463-17-9883   99   96   60   36.9   99
4/04/2023   878-55-0051   60   119   73   38.9   95
13/04/2023   240-68-3060   139   148   101   38.4   90
22/04/2023   198-35-6734   130   126   63   38.9   86
8/04/2023   341-84-3922   61   164   86   37   93
21/04/2023   457-45-2849   57   100   109   39.8   93
26/04/2023   388-34-2380   79   114   92   36.1   86
30/04/2023   551-35-9369   84   152   67   38.2   96
16/04/2023   867-06-8022   64   99   66   38.5   99
16/04/2023   259-10-0339   51   132   90   39.8   93
16/04/2023   794-76-5261   109   126   62   39.1   85
13/04/2023   206-25-4281   100   139   74   38.4   98
6/04/2023   818-26-8196   130   127   63   37.6   91
27/04/2023   256-95-4828   50   120   68   36.4   99
18/04/2023   721-19-3123   122   141   81   37.4   94
24/04/2023   597-41-0817   78   173   77   39.9   95
27/04/2023   526-03-2526   108   131   80   36.6   99
11/04/2023   852-35-5869   52   132   95   37.4   99
24/04/2023   178-52-1500   139   156   95   38.5   86
21/04/2023   825-23-7126   134   147   109   37.5   87
23/04/2023   839-13-8580   105   131   88   36.8   86
2/04/2023   521-84-1782   128   104   94   36.7   86
29/04/2023   809-14-6629   50   153   76   39.1   96
24/04/2023   643-90-3414   72   145   60   37.7   90
10/04/2023   343-75-3388   52   125   76   38.3   89
28/04/2023   890-83-9216   51   94   77   39.3   95
14/04/2023   314-59-3768   106   172   103   38.2   96
12/04/2023   186-28-5457   121   158   74   37.3   88
10/04/2023   113-60-6899   121   177   74   39.1   99
1/04/2023   469-30-6816   50   162   97   38.8   89
1/04/2023   421-39-9248   109   93   68   38.9   87
27/04/2023   636-90-6357   109   171   95   40   97
26/04/2023   112-44-3497   86   144   108   38.9   90
9/04/2023   459-36-1115   77   125   101   35.6   94
7/04/2023   416-45-5565   93   167   102   39.4   98
25/04/2023   166-20-2794   64   177   77   39.9   88
23/04/2023   176-14-4067   60   95   106   39.3   85
29/04/2023   659-64-3380   122   108   80   35.8   89
11/04/2023   345-87-0533   137   125   88   38.5   92
8/04/2023   344-36-7156   126   113   66   36.6   88
17/04/2023   689-47-4564   111   157   102   36.9   92
9/04/2023   294-07-5007   73   95   82   36   98
2/04/2023   551-35-9369   114   91   107   39.7   91
6/04/2023   458-98-8860   89   165   102   37.9   97
26/04/2023   404-61-7141   101   104   106   37.7   99
19/04/2023   510-69-5252   102   154   108   36.3   89
26/04/2023   553-27-8559   72   171   98   39.8   89
19/04/2023   113-60-6899   55   174   92   39.4   89
17/04/2023   600-62-3412   52   149   102   39.9   98
25/04/2023   621-70-7472   79   177   78   37.1   95
7/04/2023   176-14-4067   73   90   78   39.5   96
17/04/2023   306-59-8935   138   111   67   38.2   87
22/04/2023   520-32-2321   101   154   93   36.7   94
13/04/2023   658-82-9991   98   144   74   36.3   98
14/04/2023   526-03-2526   120   98   73   38.6   89
30/04/2023   274-62-9187   101   154   109   38.8   96
9/04/2023   206-25-4281   71   178   71   38.2   97
1/04/2023   799-44-2163   114   140   104   39.7   99
8/04/2023   621-48-6458   93   173   89   37.3   91
20/04/2023   166-20-2794   50   171   72   39.7   94
30/04/2023   683-46-5079   120   137   100   39.3   96
15/04/2023   112-44-3497   68   155   98   40   99
5/04/2023   367-52-9587   64   145   105   38.7   91
12/04/2023   207-15-4815   57   113   90   35.6   91
16/04/2023   606-55-9151   139   127   101   37.2   95
27/04/2023   213-04-4901   56   90   93   39.3   89
26/04/2023   846-58-7999   65   126   76   37.2   91
17/04/2023   194-48-7359   82   130   72   37.6   97
28/04/2023   476-99-7972   76   164   93   39.8   95
14/04/2023   267-10-5957   84   131   79   37.7   88
24/04/2023   181-45-7803   99   101   108   38.5   92
29/04/2023   496-43-4865   109   122   97   36.9   88
14/04/2023   603-14-9459   96   104   69   37.8   87
25/04/2023   661-56-7551   102   122   80   39   91
19/04/2023   636-90-6357   54   160   108   35.5   93
13/04/2023   111-19-4529   108   128   84   39   97
16/04/2023   331-09-2284   55   132   95   39.4   88
5/04/2023   553-27-8559   77   109   63   39.9   99
19/04/2023   593-36-2410   135   94   85   39.8   99
26/04/2023   574-65-3712   139   102   85   38.8   87
15/04/2023   715-74-5338   85   167   76   37.5   92
21/04/2023   421-27-7766   54   159   73   38.4   95
20/04/2023   341-84-3922   51   147   99   38.8   89
10/04/2023   706-09-4564   52   97   103   36.4   97
29/04/2023   289-26-0537   66   121   64   36.3   94
13/04/2023   669-74-2146   137   175   77   37   99
11/04/2023   554-84-1081   136   171   98   37.2   88
21/04/2023   215-50-7038   78   168   72   36   96
28/04/2023   229-85-2969   51   143   66   37   93
28/04/2023   319-83-9008   122   120   97   35.9   92
12/04/2023   839-13-8580   133   110   104   36.5   86
18/04/2023   288-05-6370   88   155   100   39.3   86
11/04/2023   432-34-5614   111   110   99   36.5   87
20/04/2023   310-26-9113   56   141   60   39   98
11/04/2023   628-78-9167   129   123   99   36.1   91
1/04/2023   298-10-7060   138   111   73   36.1   94
18/04/2023   496-23-9655   127   165   73   36   96
23/04/2023   319-83-9008   111   149   107   38   88
21/04/2023   335-84-9373   80   158   75   38.5   94
5/04/2023   378-02-5523   112   147   62   39.5   95
19/04/2023   157-31-7520   117   131   70   35.8   99
14/04/2023   368-53-4901   81   103   72   37.4   87
8/04/2023   389-27-5303   97   119   78   38.9   92
8/04/2023   175-55-7298   102   142   107   36.1   87
26/04/2023   802-59-5463   118   151   60   35.8   90
22/04/2023   767-42-4576   111   170   85   36.7   92
17/04/2023   428-14-7095   58   159   104   38   96
19/04/2023   849-83-7668   119   125   86   37.4   97
22/04/2023   497-86-6002   53   117   83   39.5   99
12/04/2023   275-36-1151   119   91   64   38.5   92
18/04/2023   180-35-8890   102   92   61   38.5   96
6/04/2023   254-34-7286   112   174   61   35.7   88
26/04/2023   864-78-5560   137   162   88   36.7   98
27/04/2023   416-45-5565   136   131   104   37.4   85
5/04/2023   274-80-8104   131   95   65   36.8   85
8/04/2023   411-32-4858   88   132   70   38.4   85
1/04/2023   609-17-8678   130   152   80   39.7   93
25/04/2023   609-17-8678   137   115   76   36.1   91
11/04/2023   728-15-5341   70   125   89   39.6   91
8/04/2023   672-89-2190   104   173   78   36.2   86
15/04/2023   524-75-8060   129   126   88   37.6   85
23/04/2023   760-33-4176   70   178   95   38.1   88
4/04/2023   607-91-4614   111   172   64   38.4   88
14/04/2023   373-70-7925   61   175   97   35.6   92
3/04/2023   528-57-6645   91   105   74   36.9   99
3/04/2023   444-03-4235   67   168   107   37.7   92
4/04/2023   603-11-0846   82   95   67   38.2   87
3/04/2023   240-68-3060   58   135   100   36.1   98
6/04/2023   662-90-5190   115   154   89   38.2   92
6/04/2023   563-01-2494   103   138   93   37.7   87
23/04/2023   260-11-2849   84   101   61   39.9   91
28/04/2023   145-05-0045   63   145   69   37.6   90
19/04/2023   412-29-6293   111   119   65   36.8   96
25/04/2023   306-59-8935   103   128   108   36   96
25/04/2023   471-83-4980   70   141   60   38.2   95
12/04/2023   251-38-8325   133   179   74   36.9   85
1/04/2023   882-39-1200   93   144   105   39.9   92
1/04/2023   332-44-9371   137   106   90   35.5   97
15/04/2023   728-31-2493   84   149   60   36.9   87
16/04/2023   548-93-9953   138   137   65   36   87
9/04/2023   790-27-9833   138   163   72   38.7   95
16/04/2023   260-54-7458   63   111   83   37.5   94
29/04/2023   207-15-4815   139   172   62   35.7   98
26/04/2023   867-06-8022   68   142   81   38.8   88
17/04/2023   229-85-2969   94   90   61   38.3   98
24/04/2023   463-17-9883   61   102   66   36.2   86
3/04/2023   781-40-0701   111   146   71   38.5   90
5/04/2023   897-46-3852   75   139   87   37.5   94
28/04/2023   367-52-9587   69   90   104   36.6   91
9/04/2023   146-69-4652   97   179   108   37.1   98
3/04/2023   434-16-5502   108   170   107   39.5   90
6/04/2023   658-82-9991   111   169   97   37.2   85
29/04/2023   799-21-2876   110   154   69   36.1   98
6/04/2023   249-32-3203   51   170   96   38.4   90
7/04/2023   442-29-0481   137   154   99   37.6   99
6/04/2023   864-78-5560   68   118   85   36   87
11/04/2023   135-05-4896   71   115   94   37.4   90
18/04/2023   335-73-2892   139   176   62   37.2   89
8/04/2023   502-81-1725   58   122   106   36.9   92
23/04/2023   897-46-3852   91   136   94   37.6   86
17/04/2023   554-84-1081   87   115   94   38   96
24/04/2023   275-36-1151   97   163   85   39   90
8/04/2023   719-63-6159   135   99   83   37.6   86
28/04/2023   280-60-4794   112   160   68   36.5   91
15/04/2023   802-59-5463   105   118   74   38.9   98
14/04/2023   496-43-4865   53   107   76   37   90
22/04/2023   852-35-5869   138   115   60   37.3   86
15/04/2023   628-20-1693   101   155   90   39.2   91
10/04/2023   875-62-3505   111   105   81   39.4   85
10/04/2023   455-21-3671   108   98   68   39.4   90
12/04/2023   318-27-1087   123   164   66   37.7   93
27/04/2023   421-39-9248   64   159   87   38.5   90
18/04/2023   140-30-2555   73   163   72   36.2   92
20/04/2023   782-34-4167   127   137   88   35.9   93
25/04/2023   716-80-7186   109   166   74   37.8   94
2/04/2023   132-48-1247   108   162   64   37.2   94
14/04/2023   846-66-7490   100   177   106   37.4   91
23/04/2023   175-55-7298   82   107   73   39.3   88
30/04/2023   844-81-9989   52   103   107   37.1   88
27/04/2023   699-99-8759   53   129   106   39.3   93
18/04/2023   310-75-2760   73   113   94   39.4   97
27/04/2023   875-62-3505   64   179   86   39.5   88
8/04/2023   432-34-5614   124   120   68   38.8   87
27/04/2023   294-30-6567   126   146   61   36.5   88
20/04/2023   253-84-5746   93   176   82   36.5   85
13/04/2023   854-61-3541   124   167   108   35.9   92
16/04/2023   256-95-4828   64   166   82   37.4   97
17/04/2023   551-80-9262   93   99   87   39.3   85
24/04/2023   190-91-2664   111   109   98   39.1   86
1/04/2023   354-25-6792   91   123   93   40   94
24/04/2023   621-70-7472   129   103   101   35.8   87
16/04/2023   809-14-6629   50   117   106   35.9   89
29/04/2023   893-18-5714   97   147   108   35.8   92
18/04/2023   455-21-3671   81   136   89   39.8   95
19/04/2023   672-89-2190   120   116   65   39.4   85
7/04/2023   374-26-1067   51   124   65   39.5   95
12/04/2023   169-56-6778   135   170   103   39.6   87
12/04/2023   496-43-4865   63   163   78   38.8   87
26/04/2023   760-59-1309   111   112   73   37.2   85
11/04/2023   259-10-0339   132   156   97   37.7   99
15/04/2023   117-02-4931   93   169   74   38.1   97
5/04/2023   784-54-9931   104   121   72   38.2   87
3/04/2023   669-74-2146   51   133   109   36.1   88
30/04/2023   628-78-9167   60   165   104   39   94
11/04/2023   404-61-7141   67   146   101   38.5   94
30/04/2023   878-36-7830   109   177   73   36.6   86
28/04/2023   698-47-1909   100   166   83   38.8   86
18/04/2023   278-84-3772   76   90   60   35.8   89
5/04/2023   676-03-2440   69   157   97   36.7   94
22/04/2023   635-96-2790   57   135   83   36.9   91
14/04/2023   570-11-3903   85   132   83   36   92
25/04/2023   728-15-5341   107   166   64   36.5   96
7/04/2023   145-39-5406   56   92   98   38.1   94
14/04/2023   760-59-1309   77   100   67   38.4   95
2/04/2023   112-44-3497   101   111   106   38.7   92
12/04/2023   354-75-9525   90   114   79   36.1   86
20/04/2023   548-78-6274   128   166   63   38.3   99
2/04/2023   814-60-0292   62   115   82   40   97
10/04/2023   600-62-3412   81   160   71   36   96
24/04/2023   288-91-8881   116   129   62   38   89
10/04/2023   294-07-5007   124   101   104   36.9   85
15/04/2023   476-99-7972   50   149   107   37.9   99
5/04/2023   683-46-5079   88   140   101   37.8   91
9/04/2023   501-24-5548   127   92   72   38.8   97
3/04/2023   797-10-7600   73   144   66   37.6   87
30/04/2023   369-33-5075   82   128   74   39.4   93
4/04/2023   130-62-4906   118   145   72   38.4   96
12/04/2023   598-53-3927   113   118   103   39   85
22/04/2023   662-90-5190   91   173   77   36.4   94
17/04/2023   489-43-8448   138   177   61   38.4   95
3/04/2023   289-26-0537   87   91   63   38   89
17/04/2023   367-68-2505   96   135   62   36.9   90
12/04/2023   146-69-4652   81   150   85   39.1   95
13/04/2023   124-73-3676   53   175   85   40   99
4/04/2023   278-01-6800   92   91   74   38.9   86
26/04/2023   444-83-4739   113   94   70   37   90
21/04/2023   888-70-5454   94   161   94   38.5   94
8/04/2023   715-74-5338   77   150   65   39.8   95
7/04/2023   846-58-7999   83   153   67   37.5   89
12/04/2023   463-17-9883   125   110   99   36.5   99
25/04/2023   794-76-5261   58   164   82   39.2   98
20/04/2023   621-48-6458   65   160   97   39.4   91
6/04/2023   606-55-9151   120   127   82   37.4   86
6/04/2023   288-05-6370   131   128   68   36.4   99
