01)   469844163     F      47           39.8              151               76                 138        01/04/2023              13732.7
02)   691129990     F      33             40              100               88                  68        01/04/2023              8927.65
03)   502543350     F      42           38.5              109               95                 138        17/04/2023              4370.56
04)   131716388     M      60           39.5              178               66                  83        07/04/2023              7034.12
05)   415953806     F      76           39.8              124               70                  99        06/04/2023              11371.2
06)   782344167     F      36           39.8              152              107                 111        14/04/2023              12577.9
07)   274808104     M      44           39.9              164               72                 136        01/04/2023                25545
08)   521841782     F      32             40              174               80                  82        16/04/2023              10248.9
09)   195519264     F      47           39.3               93               73                 101        12/04/2023              9569.91
10)   890839216     F      59           39.7              129               93                 123        23/04/2023              5257.94
11)   888461367     F      14           39.8              114               99                  72        11/04/2023              15520.8
12)   251729605     F      35           39.9              105              101                  81        04/04/2023              9586.32
13)   728312493     F      70           39.8               97               95                 104        24/04/2023              12078.5
14)   201902001     M      30           39.9              130               62                 114        25/04/2023              9579.68
15)   712254902     M      06           38.2              133              108                 139        17/04/2023              10936.7
16)   113606899     M      58           39.6               98              100                 133        27/04/2023              10811.4
17)   112443497     F      09           39.8              163               95                  62        16/04/2023              7112.92
18)   481990791     F      15           39.7               98              107                 103        03/04/2023              8437.39
19)   198356734     M      49           39.5              175               72                 109        13/04/2023              4006.63
20)   770827913     M      66           39.4              144               77                  61        28/04/2023              2592.58
21)   834502690     M      31             40              120               99                  59        12/04/2023              11052.2
22)   799442163     F      07           39.8              103               86                 130        06/04/2023              4589.94
23)   111194529     M      11           39.8              119               85                  71        26/04/2023              9090.76
24)   200223513     M      32           39.9              171               80                  65        05/04/2023              6971.85
25)   659676667     F      72           38.5              103               74                 111        14/04/2023              2399.74
26)   166202794     M      68             39              118               86                  78        12/04/2023              8082.06
27)   635962790     F      06           39.3              147               83                  85        19/04/2023              8824.12
28)   808115508     F      09           39.9              170              108                  79        08/04/2023              5712.04
29)   374261067     M      12           39.9               97               83                  64        07/04/2023              8752.61
30)   506942779     F      74           39.3               93               73                  95        25/04/2023              10573.4
31)   378025523     M      23           39.8              155               72                  82        04/04/2023              12542.9
32)   551809262     F      08           39.7              120               79                  73        15/04/2023              14565.2
33)   698471909     M      47           39.4              176               83                  57        22/04/2023              4494.31
34)   260547458     F      29           39.8              110               82                 135        11/04/2023              7571.34
35)   535116522     F      16           39.3              102               84                 107        15/04/2023              8990.81
36)   236996309     F      60             40              109               86                  98        20/04/2023              12119.5
37)   706094564     M      26           39.2              154               75                  78        17/04/2023              6370.47
38)   867068022     M      34           39.4              106               79                 123        25/04/2023              9212.12
39)   852355869     F      15             40              171              107                 131        05/04/2023              9045.07
40)   662216522     M      69           39.8              130               91                 107        26/04/2023              10320.8
41)   240683060     M      66           39.8              108               78                 101        08/04/2023                10141
42)   229852969     F      17             39              150              107                 135        02/04/2023              7655.17
43)   119285124     F      16           39.6              165               61                  62        17/04/2023              12351.6
44)   280604794     M      22           39.7              124               96                  61        18/04/2023              12977.8
45)   814600292     M      16           39.1              136               61                  84        05/04/2023              10084.9
46)   646672143     M      25           39.1              161               88                  61        15/04/2023              11504.5
47)   344367156     F      44           39.2              175               77                 138        30/04/2023              2904.23
48)   459361115     F      38           39.2               92               61                  62        15/04/2023              10115.8
49)   520322321     F      35           39.3              160               81                  82        20/04/2023              7147.71
50)   808752972     M      06           39.9              126               65                 108        20/04/2023              6098.24
51)   469306816     M      34             40              142              108                 110        23/04/2023              12014.4
52)   278496531     F      74           39.8              109               96                 138        14/04/2023              13835.6
53)   669742146     F      58           38.6              164               99                  88        22/04/2023                10278
54)   145395406     M      69           39.9              162               85                 107        02/04/2023              7586.44
55)   636295268     F      19           39.9              156              109                 124        19/04/2023              7225.99
56)   462373053     M      41           39.7              119               97                  73        16/04/2023              7835.58
57)   278016800     M      66           39.9              131               72                  98        11/04/2023              10218.2

-------------------------------------------------------------------------------------------------------------------------------------------------------------------------------------------------------------------------------------------------
PROMEDIOS               37.2456      39.5684           96.7895           133.07             85.4737
TOTAL DE GASTOS: 530555
