1001  L  76543210  WER283  2001  2006
1002  P  72451236  ERT875  2020  2021  2023
1003  M  80123456  JTE654  2021  2023
1004  E  85678923  MTW345  2021  2023  2025
1005  P  70112233  ERT543  2017  2021  2023
1006  L  71234567  DLT975  2019
1007  M  68912345  WWU431  2016  2019  2023  2025
1008  L  74567891  WCD295  2023
1009  P  69345678  AYS696  2019  2020  2022
1010  L  77890123  MMN064  2021
1011  M  63456789  CUU300  2018  2020  2023
1012  E  82345671  AZM373  2017  2022  2023  2026
1013  L  75123489  DPT822  2020  2022  2024  2026
1014  P  66789012  VST531  2025
1015  M  61234598  HEB986  2025
1016  L  79456123  PSE494  2017  2023
1017  L  68234567  YSZ952  2020  2022  2024
1018  P  73456190  UXT716  2019  2020  2022  2026
1019  M  65789234  JAB154  2019  2021  2023  2024
1020  L  70987654  JZS478  2016  2020  2022  2024
1021  L  14933636  BZF848  2017  2019  2024  2026
1022  L  58019978  CNV719  2014  2022
1023  M  77425898  PKR773  2014  2023
1024  P  17557522  VPU932  2016  2017  2023  2025
1025  E  18352285  LNZ544  2014  2017  2025  2026
1026  P  26528956  BWS647  2017  2020  2024
1027  L  15207714  AAE392  2016  2017  2022  2026
1028  P  28199948  MFT124  2018  2020  2023  2025
1029  L  12721466  AYV230  2015  2019
1030  E  81466368  SVU465  2015  2017  2024
1031  E  24607827  NSE593  2017  2018  2022
1032  M  18675566  XBR718  2018  2022
1033  M  74224113  ZVB105  2025
1034  L  28359443  UHG953  2014  2021  2024
1035  P  49845373  REY615  2025
1036  L  13579889  CZR063  2018  2023
1037  P  51683725  YSY190  2019  2020  2022  2025
1038  E  21509462  NTC415  2015  2018  2023
1039  P  71085208  HHT785  2015  2022  2024  2026
1040  P  16082828  DAK086  2025  2026
1041  P  78806480  RFJ686  2019  2025
1042  L  33911309  LNN040  2021  2023  2026
1043  P  72229871  KGW022  2015  2020  2023
1044  P  19090221  FHS017  2015  2021  2023
1045  M  89586912  VDU643  2017  2026
1046  P  85133231  DEP797  2019  2024
1047  L  19502306  VEH923  2014  2026
1048  L  17234789  FPZ759  2025
1049  E  45335764  USX917  2016  2017  2020  2022
1050  L  57145395  BTN124  2015  2018  2026
1051  E  17210574  JPB776  2021  2022
1052  L  87301563  RZV926  2016  2017  2020
1053  L  26538683  HHU858  2014  2019  2021  2026
1054  L  43459321  DTB818  2018
1055  P  60768029  LVB167  2019  2021
1056  M  22681647  LFX507  2016  2021  2023  2024
1057  L  13024991  RSR915  2015  2020  2021
1058  L  89624367  NSJ418  2014  2017  2025  2026
1059  M  19172482  DKN072  2015  2018  2019  2023
1060  L  73684546  ZSY079  2018  2020  2023  2026
1061  L  29528576  FAW172  2020  2021  2024  2025
1062  L  68218716  SDL170  2021  2023  2026
1063  P  83524732  GYC308  2016  2019  2023  2026
1064  P  72162368  FBC322  2015  2018  2021  2023
1065  M  67042838  RXP226  2024
1066  L  43288914  ATX081  2018
1067  L  62409029  THS080  2015  2020  2022  2024
1068  L  89458324  FXC720  2019  2022
1069  E  26182635  PXJ590  2014  2021  2025  2026
1070  E  65175128  LKE320  2021
1071  L  64523739  KHB396  2016
1072  P  41229566  LSD890  2015  2025
1073  L  84421036  LVL082  2016  2019  2024
1074  L  83719769  BVK272  2015  2020
1075  E  83347783  RTB811  2025
1076  E  31665261  BNA766  2017  2019  2026
1077  P  84921353  TSE490  2023
1078  L  69357158  SAZ622  2017
1079  L  37291678  JBH440  2021
1080  L  29531808  TPJ829  2014  2019
1081  L  14912961  LSP676  2016  2019  2023  2024
1082  L  89686238  EUN041  2023  2024
1083  P  39812511  LPF798  2014  2021  2023
1084  L  28840961  PYN970  2016
1085  L  22098397  BZT684  2018  2020  2021  2024
1086  L  57564833  VZY602  2018
1087  E  30051190  ZSP159  2016  2017  2019  2021
1088  M  45911403  XXJ316  2022
1089  P  74500998  UPU522  2014  2016  2017  2018
1090  L  10582502  YNT820  2014
1091  M  63169299  VMZ558  2015  2023  2026
1092  L  72614646  PCU465  2014  2020  2022  2026
1093  L  41627217  PWJ936  2014  2016  2018  2024
1094  P  78973398  GZL153  2015  2018  2023
1095  L  80273807  RZF183  2014  2015  2016  2020
1096  E  52361372  RVC344  2021  2026
1097  L  37906191  XPG689  2016  2018  2019  2023
1098  L  50991922  CWT041  2017  2018  2022  2025
1099  E  29703464  BNX189  2016  2017
1100  E  38162997  MVR815  2016  2017  2021  2023
1101  L  50921881  LDT846  2020  2022
1102  E  34775998  JVB162  2015  2016  2020
1103  P  43380976  RAU688  2021  2025
1104  P  37958746  VGJ147  2014  2015  2017  2024
1105  E  72879449  TAN501  2014  2021  2023
1106  E  55095561  DXJ823  2016  2018
1107  P  31907662  HHR747  2018  2022  2024  2026
1108  L  35960187  WXV638  2014  2019  2022
1109  P  81210164  MHK156  2015  2016  2017  2023
1110  M  84488913  BGV079  2016  2017  2022
1111  L  74048430  SRG900  2014  2016  2022
1112  P  22000433  XNW462  2017  2023  2024
1113  M  12933891  LVA525  2016  2017  2021  2023
1114  L  37565469  XLM796  2017  2021  2023  2025
1115  L  11247524  UGR345  2016
1116  L  84232365  JKR040  2014  2015  2016
1117  M  80735252  DLC758  2022  2023
1118  L  64992219  NCA512  2023
1119  L  27900692  FFH060  2014  2021  2022  2026
1120  M  66042870  ZTJ027  2017  2019  2026
1121  E  84890264  ACD084  2014  2026
1122  P  51099858  LZH589  2017
1123  L  29580950  EEA194  2014  2016  2025
1124  P  18841440  JVZ191  2015  2017  2024  2026
1125  L  10228805  PHX453  2018  2020  2025
1126  L  75721233  VXK087  2021  2025
1127  L  58527615  ELX763  2017  2018  2021  2026
1128  M  70539653  JSK643  2018  2020  2021  2025
1129  M  46711130  CFG077  2019  2022
1130  M  29460159  LHE369  2018
1131  L  62652652  WEX063  2021  2022  2025
1132  L  46576410  NLB361  2016  2025
1133  P  26933778  ADV817  2020  2023
1134  M  52457938  KBE059  2025
1135  M  52157007  PST438  2016  2019  2021  2022
1136  L  28233672  BNU099  2014  2023  2024  2026
1137  P  62360477  HTV254  2015  2018
1138  L  23071913  UFW117  2015  2020  2023
1139  M  72649373  DMG702  2018
1140  L  48017715  NLV490  2020  2026
1141  L  40369355  VPA407  2015  2023  2024
1142  L  54272804  AEK379  2022
1143  L  89054956  LDW015  2014  2017  2018  2024
1144  L  36132037  MFS392  2016  2019
1145  P  77975907  MHW795  2020  2024  2025  2026
1146  L  16560178  ULG163  2017  2024  2026
1147  M  27421614  EXJ001  2021  2026
1148  L  64297535  VNU764  2021  2023
1149  P  88829066  XYU798  2023  2024
1150  L  87981286  GBC246  2017  2021  2025
1151  E  56547540  YZZ883  2015  2017  2019  2026
1152  L  33329854  KER912  2017  2026
1153  P  84377441  MXS015  2020  2023  2025  2026
1154  E  41377405  ASB482  2014  2022
1155  L  54281347  AWE016  2021  2022  2023  2026
1156  P  36820828  FSR174  2020  2021  2024
1157  L  24627712  LYR370  2015  2016
1158  M  51198044  BEX036  2024
1159  M  23761917  SLP804  2014  2023  2026
1160  M  78830373  LVZ052  2020  2024  2025  2026
1161  L  11399228  UHJ936  2016  2019  2020  2023
1162  L  74180438  MCU040  2025
1163  E  63767413  PWR851  2015  2019  2022
1164  E  61929575  CAE064  2015
1165  L  68753544  GGW378  2021  2023
1166  M  31206993  SYD001  2014  2019  2020  2021
1167  P  20107126  ZBV020  2014  2015  2022  2026
1168  L  53067978  WMG895  2017  2020  2024  2025
1169  L  89933932  UKX701  2017  2024
1170  P  87176370  TES063  2026
1171  P  19909746  EVG020  2021  2022  2026
1172  P  87585531  BMD424  2016  2022
1173  E  72194540  YXU033  2016  2017  2020  2022
1174  E  20799630  UPE061  2018  2022
1175  L  51356075  HTV801  2014  2017  2019
1176  M  15531430  GML835  2015  2022
1177  P  81165408  SSP709  2024
1178  L  23315857  EPG045  2021
1179  L  18062047  DWK679  2014  2015  2020
1180  E  53131481  CGV841  2015  2016  2018  2024
1181  E  20560620  BHY003  2014  2018  2022  2025
1182  M  29571220  FSC944  2022
1183  P  21992230  AJK540  2015  2019  2020  2025
1184  L  52688969  UBH837  2018  2026
1185  M  19472973  BKU303  2015  2019  2020  2022
1186  P  17946480  PBS163  2017  2024  2026
1187  E  62626396  XEH416  2023  2025
1188  E  31642283  JJK870  2014
1189  E  87152112  NPV024  2014  2020  2021  2024
1190  L  18116868  NMW553  2016  2017  2018  2024
1191  P  42925732  GXX732  2015  2017  2022
1192  P  35567684  PGB443  2024
1193  M  80347076  DPZ067  2022  2026
1194  L  87611594  VVP674  2014  2017  2022  2024
1195  P  26644771  WWB578  2014  2019  2020  2021
1196  P  45596122  EVJ281  2022  2024
1197  M  75322972  AYB552  2017  2018  2020  2025
1198  P  43324587  DRK021  2019  2020  2022  2026
1199  L  37475895  PDN582  2014  2016  2017  2025
1200  L  49844198  BNB363  2016  2022
1201  P  79777619  TWZ979  2015  2020  2022
1202  L  22592014  ZZJ443  2014  2015  2022  2023
1203  L  70626907  DWN842  2017  2018  2021  2025
1204  L  20577333  LCW601  2014  2017  2021
1205  L  19215119  UKK886  2014  2021  2025
1206  L  87704198  GFF825  2014  2016  2020
1207  M  55090102  TLE769  2016  2017  2022
1208  P  59995237  ADF418  2014  2024
1209  L  79236931  JXN328  2019  2025  2026
1210  L  17945478  YLZ033  2019  2025
1211  M  23403803  MGF159  2026
1212  L  11293953  MJV067  2019  2021
1213  E  77276440  ZAT070  2024
1214  E  71368212  HFA943  2021  2024
1215  P  52191706  XUB592  2016
1216  P  64669761  MHL136  2017  2021
1217  P  58144330  GVB956  2025
1218  P  10468980  CTE121  2015  2016  2025  2026
1219  P  44368326  LFJ886  2014  2017  2023
1220  E  20163775  LMV952  2018
1221  L  86970079  MXK795  2014  2015  2019
1222  P  65465509  HZZ907  2020
1223  L  64434787  VBZ963  2020  2023  2025
1224  L  45433596  XKY587  2015  2016  2021
1225  L  55929703  UTU085  2015  2020  2022
1226  P  73944307  CWX313  2015  2016
1227  L  35976218  TVN663  2016  2019  2023  2026
1228  L  38376429  TTT026  2015  2021  2023  2024
1229  P  87910212  HKT478  2019
1230  L  24794766  RYX827  2016  2019  2025
1231  M  40839026  JYU409  2016
1232  L  10074642  HLC402  2018  2022  2023  2025
1233  E  60193269  PJS923  2022  2026
1234  L  32493598  YKP517  2014  2024
1235  L  75871909  YKJ412  2021
1236  P  79847211  YJS235  2019  2021  2022
1237  M  79279636  LDW232  2016  2022  2023  2024
1238  L  25016923  CXL739  2017  2023  2024  2025
1239  E  48863654  AAN857  2016  2021  2022  2026
1240  P  36339947  DRK352  2014  2017  2019  2022
1241  L  42223631  JYJ286  2014  2015  2017  2019
1242  P  59557680  WPE005  2014
1243  L  13543508  NKD521  2015  2023
1244  P  35755745  DVW013  2019  2021  2025
1245  M  43512628  DMR655  2015  2020
1246  E  19508352  HYN940  2018  2019  2020  2026
1247  M  30403249  VTN119  2019  2023
1248  L  33764005  NVP947  2021
1249  L  42828399  LAV211  2017  2022  2023
1250  P  50925645  EHW892  2014  2017
1251  P  89451492  CRH443  2017  2019  2021  2026
1252  L  84192655  NNW054  2015
1253  P  71191392  FFK243  2016  2019  2024  2025
1254  M  29370195  NEG742  2014  2016  2025
1255  L  41903301  SVT581  2014  2016  2021  2022
1256  L  66239631  PSJ158  2015  2018
1257  L  45961227  SMY983  2016  2024
1258  E  37141743  AML338  2014  2017  2018  2026
1259  L  46496958  LWP375  2015  2016  2020  2023
1260  L  71667693  XCW355  2017  2019  2021  2026
1261  L  48179570  VSE691  2019
1262  E  16230076  KRL264  2020  2023
1263  E  86508689  EZF680  2016  2019  2022  2026
1264  L  75960309  RYZ815  2016  2017  2018  2021
1265  P  81771530  FWP895  2015  2021  2022  2024
1266  M  14789021  PUP464  2016  2021  2024  2025
1267  L  75315746  PGB642  2019  2022
1268  L  52005625  XHY490  2015
1269  M  66342399  YRN219  2016  2019  2023
1270  L  16015046  THA889  2018  2020
1271  M  77174836  HMV452  2022  2024
1272  E  27699900  HBN974  2023
1273  M  24656681  JFA913  2015  2022
1274  P  49683929  JGZ936  2021
1275  E  21759676  EKF051  2020
1276  L  63349853  CSA802  2014
1277  L  52688793  RNB156  2015  2019  2020  2023
1278  M  20218272  HRZ793  2020  2023  2026
1279  L  75281519  ASA204  2020  2021  2022  2023
1280  P  49029435  XVS071  2023  2025
1281  M  48064019  AJV058  2021
1282  M  67939211  XER216  2015  2022
1283  E  62301029  XLT134  2014  2021  2023
1284  M  81027649  DLC007  2018  2022  2023
1285  P  23005232  CXC071  2015  2019  2021
1286  M  15774878  HUF002  2018  2024
1287  P  67719957  BXG892  2018  2021  2023
1288  P  68742955  UPK518  2022
1289  P  73948341  RHV997  2025
1290  E  11860243  MGD109  2015  2018
1291  L  63356376  UBU461  2019  2023  2024  2025
1292  L  83161228  DEL492  2016  2022
1293  P  88670343  DZE238  2020
1294  L  58493709  HKS079  2016  2018
1295  M  26185671  DRH218  2018  2020  2021  2022
1296  M  82597980  ERK655  2021
1297  P  65711550  BDY093  2015  2017  2026
1298  E  46368439  EGE092  2015  2017  2019  2020
1299  P  17003061  EAD031  2014  2019  2021
1300  P  61465474  AHG150  2014  2018  2020  2022
